H2AK00200|CONSTANT, CHRISTOPHER|C|1|DEM|164637.9|0|164637.9|0|0|0|614.85|0|0|0|0|143180.09|158023.05|AK|00||||||1000|5000|12/31/2022|8300|0
H2AK01158|PELTOLA, MARY|I|1|DEM|7751293.39|186868.19|7060033.09|0|0|691260.3|25|0|0|0|0|0|7149826.02|AK|00||||||384020.59|10000|12/31/2022|136657.7|3912.66
H2AK01240|WOOL, ADAM L|O|1|DEM|16217.07|0|16217.07|0|0|0|1100|0|0|0|0|0|15117|AK|00||||||0|0|07/15/2022|0|0
H2AK00218|REVAK, JOSHUA CARL|O|2|REP|121841|0|121841|0|0|0|0|0|0|0|0|0|116666|AK|00||||||5000|0|09/16/2022|14600|0
H2AK00226|PALIN, SARAH|O|2|REP|1971160.93|112963.43|1924781.35|0|0|46379.58|0|0|0|0|0|2525.05|1770697.9|AK|00||||||81305|0|12/31/2022|43128.37|1000
H2AK01059|PURHAM, RANDY|C|2|REP|1548.51|0|5621.6|0|140|0|0|0|0|0|0|0|1548.51|AK|00||||||0|0|07/27/2022|0|0
H2AK01083|BEGICH, NICHOLAS III|C|2|REP|1640060.27|0|1598826.28|0|0|41233.99|23971.16|650000|0|200000|0|450000|929235.35|AK|00||||||36853.74|0|12/31/2022|650|0
H2AK01133|COGHILL, JOHN B JR.|O|2|REP|26425|0|26425|0|0|0|0|0|0|0|0|0|26425|AK|00||||||0|0|08/13/2022|0|0
H2AK01174|SWEENEY, TARA M|O|2|REP|332195.05|0|332195.05|0|0|0|0|0|0|0|0|0|308314.72|AK|00||||||21300|0|11/08/2022|0|0
H6AK00045|YOUNG, DONALD E|I|2|REP|667302.17|170060.53|916475.36|0|249173.19|0|0|0|0|0|0|0|203591.43|AK|00||||||278500|0|12/31/2022|13802|110603.12
